-0.00000010
-0.00005178
-0.00020396
-0.00042441
-0.00006560
0.00257875
0.01196246
0.03594384
0.07879800
0.14827173
0.26398272
0.44945224
0.73752202
1.16769198
1.80070670
2.69308668
3.92226067
5.56476421
7.67057158
10.28739193
13.45524340
17.17826955
21.41291568
26.11606940
31.23015866
36.68119086
42.41165475
48.35813740
54.45461120
60.65335826
66.90590712
73.10678812
79.28025534
85.49894121
91.74291017
97.88085918
103.93310565
109.96668290
115.92503304
121.80708387
127.60237637
133.30190837
138.87844675
144.31837382
149.53152770
154.54924779
159.34107700
163.89229978
168.21244719
172.46338116
176.10106655
179.35464236
182.24644993
184.68842551
186.70105148
188.23601877
189.19585678
189.75904639
189.93204502
189.67424882
189.00740133
187.92490152
186.46762690
184.62463288
182.45332536
180.02851817
177.30566675
174.37391036
171.29311540
168.11776117
164.88679990
161.64589372
158.42540532
155.28323520
152.20793026
149.24120456
146.39828758
143.70214080
141.15120601
138.76386670
136.54456876
134.54738492
132.88921552
131.19440523
129.58149122
128.13180735
126.81121676
125.65081964
124.64506753
123.79788267
123.10076294
122.55505714
122.13968544
121.84531170
121.66245864
121.58166851
121.54200271
121.66539510
121.93167229
122.22891793
122.56296536
122.91760866
123.29903463
123.68120330
124.01047353
124.43667157
124.87166726
125.20810272
125.59111901
125.99088435
126.40193679
126.82957061
127.20590447
127.69940534
128.12450727
128.64088789
129.05569638
129.46082884
129.83264660
130.17159547
130.48864298
130.78309360
131.05455466
131.29254205
131.50893874
131.71418987
131.88649124
132.03824327
132.18038065
132.37396184
132.53721634
132.58946438
132.69919108
132.65073030
132.59945520
132.53546827
132.54309476
132.46779749
132.46546793
132.47427115
132.38914875
132.38828258
132.37745931
132.28566625
132.25855019
132.29766273
132.16660533
132.13697337
132.03022793
131.90931685
131.73607348
131.58120293
131.46440750
131.38174377
131.32948239
131.30406026
131.30213716
131.32057795
131.35645251
131.39673397
131.46102486
131.49384299
131.50939979
131.52017170
131.52665607
131.54996107
131.53600972
131.51058579
131.51673406
131.51915122
131.48740019
131.48826720
131.46578697
131.46460022
131.44057541
131.43832340
131.43428289
131.55243435
131.63062652
131.68371946
131.69388967
131.67712014
131.83300592
131.84780984
131.79198295
131.66531866
131.59210863
131.49371546
131.43642792
131.36377560
131.33019063
131.33075692
131.32997871
131.31777732
131.30619796
131.29531108
131.22336756
131.17161921
131.17916394
131.12458681
131.16125424
131.20432232
131.23190618
131.29739940
131.33315514
131.43560575
131.55336987
131.60065008
131.65860546
131.66329247
131.64243407
131.65118374
131.63385534
131.64566092
131.63091966
131.57276465
131.51888034
131.48987759
131.47234715
131.47525126
131.49576940
131.62404391
131.74099973
131.84687707
131.93165864
131.95600636
131.95866264
131.94243967
131.90997536
131.87404997
131.83542432
131.80513082
131.81322751
131.79253227
131.76775026
131.74996603
131.75899176
131.68800990
131.73414974
131.65425828
131.58994937
131.57073737
131.52888743
131.50916574
131.48821039
131.49736788
131.51185487
131.53084235
131.69783368
131.71267376
131.71953390
131.72970263
131.73228159
131.73856666
131.73766269
131.74083218
131.74746502
131.75699682
131.83072767
131.93853511
131.99211712
132.12188157
132.13048187
132.19908070
132.19501529
132.18991773
132.08081906
131.94473542
131.83827932
131.74820741
131.65267451
131.59467033
131.55946215
131.58562023
131.57181603
131.57522570
131.59350827
131.71724788
131.71440290
131.71557324
131.69960809
131.69991579
131.72459496
131.73917877
131.74486846
131.75312764
131.75321656
131.74622418
131.74350145
131.81663345
131.76903812
131.81339717
131.84400137
131.76961759
131.69801941
131.63991372
131.70746422
131.66649616
131.72800648
131.70222704
131.69404704
131.74240935
131.74635462
131.78402376
131.86072925
131.81575734
131.82066046
131.85829489
131.86195587
131.89802709
131.93077408
131.94994416
131.96745066
131.97298664
131.94745450
131.93652194
131.94858794
131.95976552
131.92880196
131.90293703
131.91263282
131.91173485
131.91197172
131.91316765
131.91516116
131.91780461
131.87972865
131.84809112
131.81205115
131.78289676
131.77031770
131.78251591
131.77481186
131.78090803
131.77826347
131.77842471
131.81194119
131.81209923
131.84526778
131.86537573
131.88429266
131.89166688
131.88895679
131.88786360
131.87786591
131.87056910
131.83475781
131.80560151
131.77219618
131.75610591
131.74486951
131.84102417
131.90531583
131.97227706
132.02018727
132.05109909
132.07724359
132.07831853
132.00614314
131.93321053
131.87069505
131.81784377
131.77391778
131.74849569
131.73936539
131.74446096
131.79272972
131.89843558
131.99080259
131.98821462
132.06843586
132.03383319
132.07551478
132.01774262
131.96735243
131.92385460
131.95890219
131.91717223
131.87134683
131.84309105
131.82003178
131.91509902
131.96695666
132.03242807
131.99558620
131.95314356
131.91659732
131.88553067
131.95227165
131.91733336
131.89796158
131.88191721
131.87925883
131.97062603
131.95678109
131.94490011
132.02758802
132.01589564
132.01550870
131.98363775
131.95578137
131.93169790
131.94204691
131.92020517
131.93261351
131.91265416
131.92677398
131.90836167
131.92387096
131.90668134
131.92327280
131.93796683
131.90964544
131.91658990
131.91270621
131.87890849
131.85054535
131.85811476
131.83483789
131.84700652
131.86907936
131.85827164
131.85009376
131.87520779
131.89790182
131.91828361
131.93644890
131.95249921
131.95624020
132.00081078
131.97711903
131.94618701
131.84749624
131.82527820
131.80756920
131.80427071
131.81348702
131.82314402
131.84340016
131.86231564
131.87988122
131.90639879
131.93006897
131.94071869
131.95029223
131.93820319
131.90751005
131.93321334
131.97644095
131.99312001
132.00727475
132.01907341
132.02868425
132.02597389
132.01260086
132.01074925
132.00855277
132.00606215
132.01362640
132.01948102
131.99285889
131.95905616
131.90908426
131.86629294
131.84047923
131.82963621
131.83187352
131.93818859
132.01993868
132.15172900
132.20164841
132.26265976
132.27071534
132.28436266
132.26140196
132.24819607
132.20227839
132.15944484
132.08877494
132.04631360
131.98743909
131.96654791
131.86534740
131.77830482
131.71477765
131.67231821
131.65891396
131.67082822
131.70459118
131.74662875
131.80574318
131.86871018
131.92405930
131.97224350
132.01371712
132.04893324
132.07832471
132.09205291
132.20541766
132.19752009
132.16728681
132.13863650
132.26620561
132.28002082
132.27774904
132.27184725
132.25250607
132.23198218
132.20031979
132.17992790
132.14885854
132.11916764
132.09096756
132.07464814
132.05846656
132.03226100
132.10074988
132.14729025
132.19495410
132.22243838
132.23217356
132.22642960
132.19701736
132.14743503
132.10154953
132.03872519
131.98255816
131.93276647
131.87875032
131.84230754
131.81119630
131.79538744
131.70028309
131.71294989
131.73624827
131.76856190
131.80840388
131.84404721
131.88605697
131.91251675
131.94589352
131.96430254
131.96958453
131.97375116
131.96662528
131.97041779
131.96300523
131.96659050
131.90750682
131.90825807
131.90920728
131.91033209
131.92191096
131.93211182
131.84826710
131.87986777
131.90786826
131.94279046
131.97299472
131.99881358
131.94842109
131.97697100
131.92916253
131.88801072
131.86336170
131.97692820
131.97170951
131.95662226
131.96409737
132.05280773
132.10770621
132.22552053
132.28304261
132.21562057
132.16456018
132.11781636
132.15770253
132.11742203
132.15253198
132.20085489
132.16730441
132.21789092
132.20665354
132.25541990
132.21118629
132.16946252
132.13032101
132.09380839
132.16300220
132.12698812
132.10347483
132.07038933
132.05001706
132.13359240
132.11029733
132.19069176
132.15369539
132.11869343
132.10639425
132.16536021
132.11008312
132.00817447
131.95981685
131.93768087
132.02091491
132.00884106
132.07945423
132.06617469
132.05269009
132.04947666
132.04487930
132.04944222
132.04127818
132.04281018
132.04241180
132.05065667
132.05598803
132.15150239
132.24147199
132.30505717
132.34509616
132.35401414
132.34616151
132.31353668
132.24949659
132.17956782
132.10525807
132.03826954
131.97833822
131.92517609
131.88877552
131.86731852
131.77659315
131.70949678
131.65332250
131.61758536
131.61031412
131.61751067
131.64755280
131.69709453
131.75273808
131.81314019
131.86673852
132.00665179
132.12693215
132.22893312
132.30369195
132.25096295
132.30497066
132.38873568
132.36326396
132.32602368
132.17585980
132.03272695
132.01053900
132.00036343
131.99038961
131.99101170
132.01111636
132.03753859
132.05884379
131.98274475
131.91604016
131.86848987
131.84835402
131.88307042
131.95456024
131.92312013
131.90613658
131.90186827
132.00139784
131.99377283
131.98638049
132.08232534
132.07073406
132.05906830
132.14018508
132.21817598
132.17920348
132.11167372
132.18504538
132.14234538
132.10281365
132.07672163
132.05221078
132.02932345
132.11113993
132.09705573
132.08268368
132.06820641
132.05378694
132.03956944
132.12873482
132.11047707
132.09231646
132.16716034
132.13608807
132.09621237
132.12129453
132.18161870
132.23051719
132.25868654
132.20674734
132.10671249
132.04861735
131.96555464
131.92365888
131.86628806
131.85805589
131.83057909
131.84865652
131.87504649
131.87746792
131.87980875
131.91301203
131.96226503
132.00426666
131.99832729
132.02317706
132.00223432
132.01406149
131.98196374
131.98438883
131.96509488
131.96848140
131.95020836
131.96495984
131.95657074
131.97981945
131.96833433
131.99909796
131.99391253
132.01955180
132.00971844
132.03116655
132.01756183
132.02535536
132.01031826
132.01694232
132.00097780
132.01719658
131.99921798
132.03431378
132.04277914
132.02811523
132.03483052
132.00842502
132.01551076
132.01024494
131.98404314
131.92973027
131.86201639
131.81438920
131.78468647
131.77082369
131.78115083
131.80202314
131.86276524
131.89549524
131.93460535
131.97882145
132.01667651
132.04861875
132.06478971
132.07743371
132.11776853
132.14036818
132.12674261
132.13343612
132.10606216
132.11134239
132.08292175
132.08749167
132.09988589
132.12920541
132.10066057
132.10484242
132.07540564
132.04813099
132.05392520
132.02637796
132.03216070
132.04606863
132.02562945
132.03756024
132.04642003
132.03191125
132.04889569
132.03107746
132.04520686
132.05587555
132.06343538
132.03730336
132.04416556
132.04853263
132.01979256
132.02458425
131.99647057
132.08451584
132.04526262
132.04069819
132.01462330
132.01147421
131.98694205
132.12970959
132.09604879
132.05454672
132.04790341
132.01995030
132.02538352
132.02871412
132.00959406
132.02278360
132.03285839
132.04013630
132.12737321
132.09724427
132.09997906
132.06923514
132.06141190
132.06315837
132.03193388
132.01376723
132.05862071
132.03378863
132.04175287
132.02644144
132.07363488
132.06096925
132.06885574
132.05317966
132.08944101
132.08775717
132.05328881
132.05268646
132.01952114
132.02040834
131.98888606
132.00183942
131.98096722
132.02385313
132.00802040
132.02407156
132.00567570
132.01953249
132.03021916
132.00713720
132.01695887
132.00358162
131.99092199
132.00994466
132.15920726
132.23391050
132.28457654
132.28295595
132.26700880
132.23881261
132.25180412
132.22807259
132.19341975
132.15998491
132.08672029
132.02102842
131.96259323
131.92137993
131.91614529
131.89056651
131.89925926
131.89628685
131.90394117
131.91042040
131.91583487
131.93063795
131.94310910
131.95344002
131.96184808
131.96852194
131.97364047
131.97737269
131.97987780
131.98130518
131.98179453
131.98147593
131.98045365
131.90672122
131.84309157
131.79920477
131.77289291
131.76211843
131.77522498
131.80889815
131.84971285
131.89629653
131.94738908
132.00184022
132.04830588
132.13889130
132.16353250
132.17210790
132.17695738
132.16816788
132.15795447
132.14657623
132.13427408
132.12127077
132.10777095
132.09396143
132.07999505
132.09696087
132.08894309
132.07998878
132.07032405
132.08075593
132.07750004
132.08307361
132.14771103
132.16994642
132.15527220
132.15004729
132.12211801
132.09544711
132.07013650
132.04625042
132.02386844
132.01333318
132.00285922
132.00288055
132.00165279
132.00970595
132.01538939
132.01895809
132.03100312
132.03993429
132.06668364
132.06732640
132.06601363
132.06302042
132.04830257
132.03390835
132.05085135
132.03287771
132.04675875
132.05710515
132.06428588
132.06865138
132.04991567
132.03203079
132.00477378
131.98000015
131.96798442
131.95682356
131.94652451
131.94743566
131.94773050
131.97841259
131.97322513
132.01956055
132.05839953
132.08002479
132.09684858
132.09902694
132.04727264
132.04220467
132.03631556
132.02977804
132.05366800
132.07267867
132.07694560
132.07873234
132.07834627
132.06577590
132.05310235
132.04045386
132.01767661
131.99669286
131.97749156
131.97034942
131.96342068
131.95676755
131.95044177
131.95478600
131.95802294
131.96028519
131.97199686
131.98146224
131.98889508
131.99448284
131.99843801
132.00094382
132.00217306
132.00228811
132.01174144
132.00856363
131.94296794
131.88597429
131.83704565
131.80594486
131.79062696
131.79947729
131.91160389
131.92630826
131.94942978
131.97958597
132.00519955
132.03690782
132.06323062
132.08459794
132.14264777
132.15960853
132.20267263
132.29870599
132.31575577
132.35704477
132.42906247
132.41342280
132.39423933
132.34117845
132.26966757
132.20352244
132.13236920
132.07824942
132.02912830
131.98486559
131.95559998
131.92934054
131.91629922
131.94579751
131.93963010
131.93364197
131.92792333
131.97406844
131.97179958
132.01020632
132.04211969
132.01658433
131.99319773
131.96161119
131.98514473
131.96330929
131.89223090
131.93395573
131.96969605
131.96898439
131.96769370
132.00718111
132.04024467
132.02620039
132.01280973
132.00012634
131.98819239
131.98733984
132.01669784
132.04093630
132.06048853
132.16851142
132.19724093
132.09526153
132.00505252
131.92597298
131.85737192
131.80889355
131.78868756
131.79316875
131.80870745
131.84397031
131.88564355
131.94275897
131.99200902
132.04423901
132.08817571
132.12445406
132.15369528
132.16618740
132.17434623
132.17863002
132.17947644
132.17730161
132.19310047
132.20362313
132.18881518
132.17285293
132.15603004
132.13861508
132.12085197
132.13387876
132.14244202
132.11612113
132.10113802
132.07548673
132.06152029
132.04746958
132.03351778
132.03012600
132.02557370
132.02009458
132.02420184
132.04684569
132.04405664
132.06055803
132.07293979
132.05071044
132.05032660
132.05852856
132.03284646
132.02969523
132.00482154
132.00268629
131.97900328
131.98850314
131.99567801
132.00076541
132.01434042
132.02479839
132.00153916
132.01121653
132.04927996
132.01871720
132.00131128
132.00578543
131.97759383
131.98332033
131.98739352
132.00030686
131.98981331
132.01074731
132.02770664
132.01013385
131.99382531
131.98908961
131.98411340
131.97899152
131.98410892
132.00833073
132.10034549
132.18813711
132.28159561
132.34800024
132.39022937
132.41105044
132.39244497
132.36048376
132.30696439
132.25592742
132.18691944
132.12370825
132.07647311
132.02293696
131.97486194
131.88053060
131.84001522
131.83620161
131.83329372
131.85186395
131.87855568
131.90173119
131.95258071
131.94438103
131.93679758
132.03290704
132.01150673
132.06397607
132.01483207
131.97114954
131.93266240
131.86817715
131.84377977
131.82341029
131.76554947
131.78933051
131.75981286
131.80825853
131.81024127
131.81332491
131.83798262
131.86043724
131.96321131
131.99003732
132.08490738
132.10357397
132.20043946
132.19889529
132.18439881
132.20004366
132.17968131
132.22112305
132.19181199
132.16345523
132.20832220
132.19227855
132.22679575
132.19122550
132.21909623
132.17778565
132.20075006
132.14502924
132.08371327
132.03880738
132.06010200
132.02501597
131.99312390
132.04678613
132.02955265
132.09553248
132.06781657
132.11401096
132.08960818
132.06628334
132.11627382
132.08481249
132.05542522
132.08996437
132.05572518
132.01394827
131.98671351
132.02389017
132.14726930
132.09648024
132.05029218
132.10132587
132.06062553
132.02353293
131.98996069
131.95980438
131.94324525
131.93864137
131.94444778
131.95921690
131.97129780
131.99124700
132.01781457
132.03950984
132.05674858
132.10088348
132.10594472
132.10808590
132.09736341
132.08592403
132.07395917
132.06167614
132.04924450
132.02651511
132.01573302
132.00509753
131.99471183
131.98466465
131.98533168
131.98496487
132.01464050
132.01843657
132.02044940
132.02090366
132.05092772
132.05464996
132.04589818
132.06769071
132.05380591
132.07106663
132.06351753
132.07583593
132.05364946
132.03279235
132.01328975
132.02610493
132.03580009
132.02208045
132.00889218
132.00662677
132.07565259
132.06126196
132.03678057
132.01413759
132.15821914
132.29024647
132.27642982
132.25003391
132.22328086
132.19647813
132.15958363
132.23799255
132.18847204
132.25560196
132.31973945
132.32904093
132.34231869
132.33823539
132.21606744
132.08587158
132.07379638
131.95783705
131.88734135
131.91877708
131.87311649
131.93657937
131.88761228
131.85540709
131.82778556
131.92815236
131.91137876
132.00999667
131.99089892
131.97334196
131.98823863
131.96918697
132.07562316
132.07294984
132.06875754
132.15604388
132.14623038
132.22778855
132.19159748
132.14673177
132.10513774
132.06679970
132.13473496
132.09797127
132.07416178
132.15455236
132.11801651
132.12508006
132.08729906
132.01114313
132.04694971
132.03483986
132.06391263
132.05613585
132.07843647
132.06465810
132.08168388
132.07361390
132.08517627
132.06204488
132.07099756
132.04576427
132.04279589
132.00757237
132.00669734
131.97369551
131.93390198
131.88870746
131.87026618
131.88550246
131.87818727
131.91335291
131.91272041
131.95335553
131.96739055
131.99952075
132.00575179
132.03073892
132.03044855
132.04954672
132.04395510
132.06861344
132.04700406
132.05776677
132.03452991
132.04400427
132.01980623
132.02860009
132.00397548
132.01257082
131.98795085
131.99673019
131.98275142
132.00079722
131.99479760
132.00930534
131.96926432
131.89279971
131.83724592
131.80037602
131.78009280
131.78472913
131.80058646
131.83631947
131.87858600
131.92609148
131.97761594
132.02176497
132.05905847
132.09000905
132.11510318
132.16576876
132.16581410
132.15296743
132.13939005
132.12528790
132.13146720
132.10354196
132.08763340
132.10287718
132.08302561
132.09487500
132.08244306
132.10068047
132.08337708
132.09734906
132.08668439
132.07543033
132.09467883
132.10917059
132.08846486
132.06846740
132.08020625
132.07802232
132.05350596
132.05116683
132.02681664
132.03521066
132.00999889
132.01785740
132.00268551
132.00901740
131.99264109
131.97744382
131.99436051
131.97702782
131.97151358
131.99690501
131.98691103
132.00828960
132.00502520
132.00112213
132.01731605
132.00950743
132.03256129
132.02018940
132.03918655
132.02325317
132.00821910
131.99412499
131.98099951
132.04099699
132.14293349
132.20788928
132.27105743
132.27011870
132.27556660
132.23490052
132.21660302
132.16625645
132.12993912
132.07519807
132.04634909
131.98863780
131.96846810
131.92946371
131.93645008
131.92130609
131.94906889
131.94151052
131.96537150
131.95431877
131.97506881
131.96126482
131.97958349
131.96366381
131.98017620
131.97301932
131.99703181
132.00651630
131.99303280
132.01138509
131.98492231
132.00245499
132.01660954
132.01737894
132.05810831
132.02987716
132.03509869
132.01763559
132.02198791
131.98331077
131.99030138
131.97485584
131.99173007
132.00544562
131.99567185
131.95540559
131.97166373
131.95417216
131.96954843
132.00287637
132.02043341
132.03448928
132.03506340
132.04457432
132.01017967
132.01032394
131.98881239
132.00033687
131.97843952
131.95883166
131.95173823
131.95553188
131.99962451
132.00594303
132.04138524
132.03977650
132.08859274
132.07739594
132.09688920
132.08084134
132.09606671
132.07630182
132.08832815
132.07614964
132.00194990
131.94707588
131.88890058
131.85942131
131.84480845
131.84322359
131.86325632
131.89151048
131.93688200
132.04811715
132.15324821
132.24165379
132.30430992
132.34395989
132.37354321
132.37342619
132.34754261
132.40264490
132.30035993
132.23825746
132.14967873
132.16281226
132.25339255
132.20378577
132.08504726
132.02121182
132.02610555
132.00794552
132.02158259
132.01107411
131.97981653
131.98252257
132.01458003
132.00984832
132.09704820
132.12881716
132.21539063
132.22470865
132.16712913
132.16567947
132.09938006
132.09110752
132.08151982
132.02969931
132.03469903
132.00631286
132.01121582
132.06549017
132.08971258
132.12894304
132.12918389
132.10601713
132.09377923
132.03959489
131.99096256
131.98888413
131.95494759
131.95568848
131.99675406
131.96918363
131.99596833
132.02824337
132.03402967
132.05807170
132.03581714
132.01501116
131.98536966
131.96903973
131.91288761
131.89508357
131.83849226
131.80057938
131.77924955
131.77253673
131.77858700
131.83689466
131.92947116
132.00948264
132.05716722
132.11762751
132.16782319
132.19828908
132.21133139
132.20910910
132.20398498
132.18605958
132.16752034
132.13829518
132.11043524
132.14586826
132.12222982
132.11992598
132.15666877
132.13398982
132.08079661
132.08422664
132.02319506
131.98956344
131.92844939
131.91639987
131.88507927
131.88901280
131.86157556
131.91041660
131.90103830
131.92389802
131.91258208
131.93371301
131.92084579
131.94059104
131.95741026
131.94061672
131.92588466
131.95432592
131.93733457
131.95342602
131.93611131
131.96225902
131.95356097
131.97668464
131.96523066
131.98585567
131.98244963
131.99954654
131.99294255
131.94532185
131.98642129
132.02132179
132.01956936
132.05828708
132.04911542
132.08107561
132.07608560
132.09071376
132.08089951
132.09128010
132.07774673
132.08490672
132.08923841
132.06014321
132.07459272
132.05437103
132.18988324
132.26271937
132.22902851
132.15511847
132.11932213
132.08592231
132.05493790
131.99545005
131.98410874
131.95269410
131.96610837
131.95630789
131.97810676
131.97546508
132.04450003
132.12322989
132.03427881
131.96624587
131.89642451
131.84642988
131.80384282
131.78876327
131.78737182
131.80819693
131.83773328
131.88484199
131.93634810
132.01173958
132.05543349
132.12278887
132.14800990
132.21894767
132.24615116
132.38980004
132.45726374
132.37562962
132.40294680
132.36945408
132.31462068
132.19031177
132.10001775
132.02975415
132.04969648
132.00312492
132.03357592
132.04781513
132.00668679
132.07275433
132.18955024
132.19433890
132.14348802
132.15841481
132.15789351
132.08217610
132.08654951
132.07764180
132.00583695
131.92169128
131.84839606
131.79564468
131.82309525
131.82687596
131.90297425
131.96866835
132.01439685
132.00115983
131.97833102
131.95778423
131.96006209
131.96144092
132.07539979
132.13086313
132.20729946
132.28039227
132.31884490
132.30628508
132.31152812
132.23930093
132.22449884
132.20792495
132.09721054
132.11243133
132.07141469
132.05438946
132.02735372
132.03320424
132.00559291
132.01121243
132.02489300
131.99389183
131.99674564
131.96702798
131.97133841
131.94319969
131.88734584
131.87000901
131.84495314
131.83417549
131.82558550
131.82932889
131.82312246
131.79814656
131.85000314
131.83377654
131.83105894
131.90191885
131.90166411
131.90180811
131.95383104
131.94710438
132.03393803
132.01520217
132.07032440
132.11649876
132.07199603
132.10414809
132.03728469
132.05043382
132.05013882
131.98667803
131.93111917
131.89332396
131.94342391
131.92469386
131.91883033
131.92416446
132.00098658
132.01508548
132.08819267
132.08782526
132.08577429
132.08224871
132.08779643
132.14230589
132.12516276
132.10808349
132.10151521
132.14531299
132.18060852
132.22874606
132.26682328
132.29574732
132.24425684
132.24742276
132.17408800
132.15904419
132.07085836
132.05436800
131.98664700
131.92692593
131.97784143
132.04140439
132.00187990
131.96645408
131.94528562
131.92635767
131.99206863
131.98595816
132.04153173
132.02615628
132.01146905
132.11089483
132.11206401
132.14166153
132.16457306
132.10929953
132.04884627
131.99487276
131.94708384
131.91547152
131.89820699
131.89357808
131.89993881
131.91576413
131.93963086
131.97021696
131.99599982
132.04828352
132.06107420
132.10142484
132.10331055
132.12343306
132.10755960
132.08134286
132.05675159
132.15749077
132.25207751
132.27846100
132.26618392
132.27209161
132.24208106
132.22253862
132.17097819
132.14378931
132.08641702
132.05510262
132.00541308
131.99192565
131.94805581
131.95056385
131.97254167
131.98023884
131.96522002
131.98228990
131.99601386
131.97579992
131.98832639
131.96719582
131.96874165
131.93836902
131.94259519
131.91486579
131.92167911
131.90676469
131.92479596
131.91959789
131.93562286
131.92863726
131.94306190
131.89341588
131.87140388
131.93535708
131.99050555
132.03746381
132.04591893
132.05191423
132.08662347
132.08392233
132.10041681
132.09208284
132.10359294
132.08057173
132.08977008
132.06486123
132.07254751
132.04648926
132.05337388
132.02681227
132.00254417
132.02173874
132.00615635
132.03282552
132.02358927
132.04525733
132.03156368
132.04928928
132.06305700
132.04233215
132.05384961
132.03125099
132.04125949
132.04842106
132.02212442
132.02902862
132.03363506
132.02588976
131.98695193
131.97301440
131.89838987
131.81335686
131.61722294
131.36847711
131.01519186
130.58584555
130.06471513
129.26409056
128.29284302
127.22647701
125.92534005
124.42612608
122.67017047
120.70261014
118.47237502
116.03128265
113.33409573
110.41709676
107.25269603
103.89242353
100.30104271
96.53367572
92.55802865
88.42126543
84.11501018
79.66545960
75.05629693
70.32735062
65.49446146
60.57311916
55.57840301
50.51449954
45.39677434
40.23977470
35.04681780
29.83212754
24.60881475
19.37861380
14.15398584
8.94615452
3.77549367
